1	196	0.621992
1	211	0.67465
1	406	3.3671
1	422	3.3288
2	76	2.8045
2	361	0.999459
2	431	2.99595
2	474	1.19362
3	40	1.06075
3	270	1.83143
3	306	2.19321
3	325	2.93653
4	71	1.4724
4	461	1.29521
4	466	2.52595
4	478	2.7048
5	256	0.00410004
5	451	1.6223
5	491	2.37785
5	501	3.99591
6	267	2.20009
6	384	1.06703
6	408	1.7998
6	420	2.93102
7	325	0.00330481
7	428	0.920436
7	483	4.00463
7	497	3.08137
8	460	1.41426
8	479	1.80083
8	481	2.58452
8	491	2.20463
9	141	0.444413
9	272	3.56293
9	471	0.0275666
9	511	3.97253
10	374	2.93484
10	383	1.06527
10	418	0.836068
10	498	3.16406
11	201	3.49481
11	365	1.96418
11	381	0.515024
11	388	2.03297
12	255	1.19813
12	416	0.862489
12	445	2.80162
12	486	3.14011
13	394	2.02008
13	442	1.97992
13	489	1.3696
13	496	2.62894
14	347	0.533654
14	458	3.46419
14	477	1.56122
14	493	2.43878
15	203	2.10307
15	426	2.48303
15	436	1.51657
15	505	1.90897
16	107	0.23292
16	158	0.000361269
16	420	3.76696
16	423	4.00772
17	379	1.67817
17	433	2.31869
17	506	1.26904
17	508	2.73323
18	268	2.03497
18	396	1.95794
18	428	0.9586
18	501	3.04141
19	165	2.05509
19	286	1.96167
19	466	1.42061e-05
19	506	4.01054
20	270	1.3448
20	376	2.69818
20	439	0.823493
20	454	3.17553
21	111	2.74546
21	465	1.26857
21	480	1.65694
21	485	2.34306
22	338	1.46772
22	415	0.959583
22	443	3.04017
22	466	2.52927
23	103	2.65314
23	130	1.05096
23	275	1.31739
23	376	3.00111
24	152	1.93098
24	185	2.07209
24	479	1.80083
24	491	2.20463
25	456	0.000267042
25	476	0.791401
25	502	3.2107
25	505	4.00257
26	137	2.67329
26	153	0.111272
26	273	1.32824
26	509	3.88887
27	65	1.40639
27	335	1.61026
27	456	2.38987
27	509	2.60616
28	63	0.00981593
28	180	1.81554
28	429	2.19002
28	491	3.99288
29	361	0.198274
29	487	3.80407
29	499	1.18436
29	510	2.81565
30	131	2.70078
30	166	0.00268938
30	176	1.3122
30	439	4.04742
31	323	0.684821
31	483	3.31675
31	499	1.15271
31	505	2.84765
32	165	1.90867
32	473	2.12029
32	475	0.781539
32	502	3.2234
33	253	1.83469
33	402	2.16473
33	453	0.934918
33	477	3.06573
34	336	2.30832
34	341	1.68995
34	509	2.03679
34	510	1.96324
35	418	1.04867
35	453	0.666193
35	487	2.95249
35	508	3.3338
36	69	2.22344
36	198	2.56343
36	398	1.43771
36	403	1.77773
37	78	1.94463
37	341	2.04969
37	411	2.32432
37	443	1.67366
38	425	0.823141
38	474	0.550517
38	507	3.17816
38	510	3.44952
39	51	2.17754
39	452	1.58964
39	478	2.41035
39	488	1.82207
40	3	1.06075
40	494	1.99724
40	496	2.0028
40	508	2.94159
41	83	1.67157
41	216	2.29942
41	423	2.13682
41	430	1.86931
42	249	0.78289
42	486	3.22144
42	506	1.5966
42	512	2.417
43	179	1.38888
43	411	2.61691
43	499	1.60608
43	504	2.39391
44	305	0.919557
44	376	3.08214
44	396	0.458896
44	501	3.54066
45	307	1.49798
45	410	0.979952
45	441	2.50303
45	466	3.01601
46	153	0.00246757
46	388	0.000174064
46	418	3.99628
46	505	4.00638
47	304	1.32653
47	419	0.0946615
47	445	2.67379
47	500	3.90363
48	318	2.32325
48	363	1.67731
48	500	1.15203
48	511	2.84818
49	130	1.73133
49	270	2.3281
49	303	1.12584
49	497	2.87424
50	173	1.48633
50	391	1.30391
50	415	2.70437
50	438	2.51339
51	39	2.17754
51	296	1.82179
51	497	1.062
51	509	2.93801
52	224	1.8138
52	414	2.18622
52	417	0.611093
52	486	3.39007
53	146	0.103494
53	434	1.46391
53	462	2.53604
53	500	3.89475
54	199	0.00275852
54	207	2.59229
54	405	1.42693
54	481	4.04297
55	63	1.14455
55	344	2.84449
55	494	1.99724
55	496	2.0028
56	217	2.0122
56	468	1.98734
56	490	1.14149
56	502	2.86057
57	242	0.299728
57	252	3.69682
57	349	1.61872
57	445	2.38197
58	291	1.00493
58	363	2.99498
58	402	2.28714
58	432	1.71074
59	458	2.08149
59	463	1.91814
59	506	1.5966
59	512	2.417
60	65	2.59361
60	398	2.25607
60	409	1.74383
60	507	1.41621
61	284	2.46488
61	403	1.53464
61	454	1.41356
61	455	2.58855
62	337	0.154742
62	469	0.00203703
62	506	4.00924
62	509	3.85392
63	28	0.00981593
63	55	1.14455
63	464	2.85696
63	503	3.99117
64	346	1.30239
64	379	2.69285
64	472	1.04939
64	486	2.95225
65	27	1.40639
65	60	2.59361
65	467	0.270344
65	495	3.72961
66	298	0.630446
66	433	1.2481
66	494	3.36973
66	498	2.75073
67	147	1.30975
67	323	2.68338
67	420	0.374
67	500	3.62478
68	128	1.02982
68	371	2.96548
68	506	1.5966
68	512	2.417
69	36	2.22344
69	285	1.77602
69	415	0.981339
69	509	3.02714
70	171	0.748506
70	317	0.00453711
70	376	3.28037
70	508	4.00934
71	4	1.4724
71	294	0.849505
71	417	3.15058
71	447	2.52716
72	445	1.18979
72	506	1.5966
72	508	2.8133
72	512	2.417
73	414	0.740691
73	458	1.49644
73	473	2.51117
73	479	3.25894
74	476	0.791401
74	492	0.471259
74	502	3.2107
74	511	3.53011
75	228	3.46202
75	403	0.538487
75	474	0.513746
75	509	3.48629
76	2	2.8045
76	118	1.19395
76	383	1.10304
76	408	2.89694
77	244	1.91608
77	437	2.08559
77	495	1.70605
77	504	2.29391
78	37	1.94463
78	458	2.05663
78	490	0.794643
78	511	3.20703
79	416	0.8635
79	480	3.13822
79	500	1.15203
79	511	2.84818
80	330	1.72254
80	423	2.13682
80	430	1.86931
80	451	2.2758
81	113	2.14966
81	295	1.85994
81	470	1.59057
81	488	2.40949
82	244	0.113402
82	436	0.255165
82	488	3.88664
82	498	3.74518
83	41	1.67157
83	184	1.66913
83	488	2.33118
83	502	2.33359
84	291	2.15336
84	302	1.84402
84	441	1.71397
84	464	2.28669
85	477	1.77135
85	491	2.02421
85	500	2.2292
85	503	1.97914
86	417	0.638574
86	461	1.11278
86	485	2.88728
86	493	3.3609
87	134	1.73541
87	392	1.00647
87	397	2.26358
87	489	2.99302
88	156	0.0427901
88	299	2.48305
88	434	1.51667
88	502	3.96212
89	150	0.000543456
89	250	0.183284
89	483	3.81952
89	505	4.00218
90	105	1.40175
90	137	0.843672
90	216	2.58032
90	464	3.15893
91	418	1.23945
91	440	0.109079
91	463	2.76175
91	496	3.88928
92	300	0.129884
92	356	0.588706
92	472	3.8701
92	490	3.41133
93	221	2.48099
93	262	1.7821
93	352	2.20984
93	355	1.51636
94	185	2.69525
94	334	1.30861
94	375	0.335213
94	477	3.66484
95	406	1.50392
95	474	0.787915
95	481	2.54443
95	503	3.21027
96	324	0.253087
96	411	0.0332373
96	424	3.74633
96	511	3.96692
97	236	2.68488
97	323	1.31464
97	470	1.3671
97	477	2.63449
98	303	1.50447
98	322	2.13631
98	336	1.85565
98	451	2.4938
99	326	1.91571
99	398	2.08433
99	438	1.19963
99	477	2.80178
100	256	0.732478
100	379	0.000410871
100	502	4.00203
100	504	3.27178
101	257	1.23038
101	288	0.437417
101	385	2.7666
101	510	3.56261
102	179	1.3958
102	390	2.60925
102	408	0.663626
102	488	3.33642
103	23	2.65314
103	140	1.35954
103	212	1.26165
103	387	2.73723
104	418	0.0013205
104	421	1.08132
104	484	2.91833
104	502	4.00326
105	90	1.40175
105	121	0.520217
105	321	3.47893
105	483	2.60188
106	430	0.00123057
106	431	1.49064
106	458	2.51074
106	508	4.00585
107	16	0.23292
107	444	0.190214
107	508	3.80978
107	511	3.76801
108	125	1.24416
108	130	2.80789
108	401	1.8278
108	479	2.1739
109	381	1.40053
109	407	1.10288
109	460	2.59923
109	469	2.89356
110	218	1.27507
110	268	2.7157
110	311	0.754305
110	498	3.24493
111	21	2.74546
111	176	1.24912
111	463	1.59723
111	498	2.40293
112	140	0.663569
112	455	0.010601
112	487	3.99137
112	495	3.35093
113	81	2.14966
113	402	1.84826
113	438	0.0855937
113	494	3.91437
114	368	1.60769
114	398	0.274141
114	465	2.39402
114	492	3.72664
115	156	0.0376254
115	392	1.97392
115	421	2.02698
115	502	3.96728
116	255	0.00236906
116	465	4.0048
116	479	1.80083
116	491	2.20463
117	487	0.285776
117	502	1.63082
117	509	2.37791
117	512	3.72423
118	76	1.19395
118	406	1.50392
118	481	2.54443
118	495	2.80786
119	182	0.0635573
119	282	0.143843
119	508	3.85616
119	512	3.93804
120	239	1.59292
120	342	0.000362548
120	380	2.40743
120	505	4.007
121	105	0.520217
121	279	2.41797
121	402	3.17186
121	472	0.913619
121	512	4.15699
122	174	1.13906
122	391	0.55742
122	416	4.45559
122	447	2.17391
122	468	2.86279
123	442	2.23797
123	470	1.17417
123	482	1.07659
123	494	3.35301
123	508	3.33942
124	208	0.519074
124	433	0.0617835
124	499	2.20593
124	500	3.38434
124	502	5.01075
125	108	1.24416
125	305	1.57919
125	306	2.75018
125	426	2.27685
125	485	3.31448
126	205	1.5402
126	414	1.14022
126	427	1.46593
126	455	4.05479
126	472	2.98402
127	161	0.898116
127	274	2.49146
127	347	1.79383
127	454	3.79636
127	481	2.20686
128	68	1.02982
128	364	0.0274131
128	443	0.383134
128	508	4.56269
128	511	5.17936
129	379	2.18279
129	390	3.40833
129	487	0.00440535
129	506	2.39269
129	512	3.21308
130	23	1.05096
130	49	1.73133
130	108	2.80789
130	200	1.62766
130	498	3.96504
131	30	2.70078
131	210	1.13293
131	392	0.615702
131	471	2.88762
131	486	3.84167
132	186	2.89933
132	287	1.11726
132	427	1.47742
132	444	2.68234
132	472	2.99552
133	371	0.00473513
133	410	1.28046
133	443	0.394574
133	494	4.30744
133	511	5.1908
134	87	1.73541
134	211	1.13517
134	460	1.43409
134	464	3.85515
134	469	3.02127
135	166	0.42211
135	391	1.64362
135	468	3.94899
135	480	1.41306
135	509	3.75976
136	220	2.79597
136	377	0.478795
136	396	2.79523
136	448	2.08426
136	501	3.02728
137	26	2.67329
137	90	0.843672
137	241	0.646624
137	393	2.07286
137	480	4.94351
138	307	0.0508354
138	420	1.5821
138	447	2.45226
138	468	3.14114
138	493	3.95336
139	291	2.19735
139	304	1.34492
139	338	2.99509
139	409	3.39252
139	468	1.24899
140	103	1.35954
140	112	0.663569
140	203	3.4871
140	375	3.5624
140	484	2.11354
141	9	0.444413
141	144	2.43273
141	406	2.71061
141	447	2.45226
141	468	3.14114
142	252	0.662167
142	323	1.39641
142	435	4.19358
142	445	2.06452
142	510	2.86282
143	164	1.38203
143	449	1.24009
143	465	2.97464
143	487	1.08086
143	512	4.51932
144	141	2.43273
144	262	0.218642
144	441	2.93761
144	498	1.85706
144	502	3.73444
145	210	1.94399
145	344	3.63611
145	374	0.000190053
145	479	2.5982
145	491	3.002
146	53	0.103494
146	406	2.69606
146	439	2.94267
146	482	2.60261
146	495	2.88693
147	67	1.30975
147	325	0.385827
147	480	2.38688
147	483	3.90027
147	501	3.20437
148	201	2.09536
148	437	0.00134389
148	490	1.93658
148	502	3.65565
148	509	3.51392
149	292	0.87354
149	489	0.751612
149	503	2.46187
149	507	2.37925
149	509	4.71948
150	89	0.000543456
150	364	1.35618
150	457	0.941708
150	503	3.29592
150	505	5.59418
151	397	1.27603
151	470	2.67574
151	475	2.9204
151	476	1.64166
151	480	2.66969
152	24	1.93098
152	429	3.66078
152	471	0.00173986
152	500	1.94625
152	511	3.64239
153	26	0.111272
153	46	0.00246757
153	329	0.138438
153	495	5.47887
153	508	5.45381
154	255	2.72262
154	339	2.86498
154	421	0.00311502
154	493	2.56868
154	496	3.01835
155	172	2.04494
155	177	0.0418857
155	269	3.54516
155	343	2.36235
155	422	3.19207
156	88	0.0427901
156	115	0.0376254
156	232	1.32793
156	397	4.26422
156	498	5.5093
157	192	2.63235e-05
157	393	0.290976
157	453	2.38013
157	482	3.21137
157	507	5.29741
158	16	0.000361269
158	322	2.58944
158	398	3.00627
158	423	2.93173
158	430	2.66422
159	282	0.935519
159	450	1.43548
159	477	2.10431
159	501	2.55388
159	505	4.15807
160	245	0.60418
160	331	1.2188
160	363	2.69999
160	417	2.89039
160	506	3.76595
161	127	0.898116
161	162	0.660752
161	272	0.557802
161	399	4.02332
161	435	5.03004
162	161	0.660752
162	352	0.00105884
162	489	1.93953
162	498	4.93071
162	503	3.64979
163	245	0.00103105
163	366	0.903225
163	469	0.00239868
163	503	4.70869
163	512	5.59805
164	143	1.38203
164	248	1.12568
164	388	3.41078
164	400	2.17522
164	474	3.07889
165	19	2.05509
165	32	1.90867
165	302	3.66569
165	346	0.883845
165	459	2.65078
166	30	0.00268938
166	135	0.42211
166	321	3.58311
166	422	1.5996
166	481	5.63896
167	181	3.59548
167	253	1.97663
167	492	1.24049
167	499	1.78092
167	504	2.56875
168	286	0.0045902
168	399	0.384245
168	415	2.72706
168	487	2.87159
168	494	5.20599
169	272	1.18875
169	353	1.28209
169	423	2.93191
169	430	2.6644
169	487	3.12869
170	188	1.83986
170	257	0.662173
170	370	0.970362
170	446	3.75135
170	458	3.95563
171	70	0.748506
171	215	1.09787
171	306	3.73219
171	344	0.941072
171	445	4.64478
172	155	2.04494
172	266	1.25421
172	274	2.28806
172	448	3.63691
172	460	1.95319
173	50	1.48633
173	320	0.00179249
173	423	0.82604
173	494	4.10386
173	500	4.76182
174	122	1.13906
174	265	1.56533
174	487	1.08086
174	505	2.88124
174	512	4.51932
175	344	1.69796
175	367	0.885379
175	375	2.35166
175	444	2.34447
175	459	3.89221
176	30	1.3122
176	111	1.24912
176	450	1.43548
176	501	3.0295
176	505	4.15807
177	155	0.0418857
177	321	2.49151
177	336	0.947841
177	412	3.09968
177	422	4.59797
178	410	0.0684799
178	454	1.11622
178	478	0.84096
178	508	4.47395
178	511	4.67855
179	43	1.38888
179	102	1.3958
179	322	2.93139
179	336	2.65074
179	375	2.80083
180	28	1.81554
180	274	0.0202392
180	434	3.7731
180	451	0.707237
180	500	4.8628
181	167	3.59548
181	279	0.000269293
181	435	1.40422
181	483	4.19147
181	497	2.00692
182	119	0.0635573
182	380	2.3014
182	459	3.22377
182	462	1.65826
182	495	3.93184
183	210	0.444839
183	426	0.714607
183	475	1.99178
183	486	3.15358
183	511	4.87705
184	83	1.66913
184	210	1.45239
184	241	1.40259
184	309	3.92096
184	369	2.71557
185	24	2.07209
185	94	2.69525
185	443	0.819695
185	506	2.39169
185	512	3.21208
186	132	2.89933
186	272	8.70307e-05
186	288	2.70576
186	369	0.00128633
186	483	5.59287
187	473	0.707275
187	494	1.42546
187	495	2.04265
187	502	3.46287
187	509	3.54751
188	170	1.83986
188	236	0.707399
188	258	0.00336574
188	481	5.63156
188	506	3.05401
189	318	0.325421
189	401	2.75911
189	473	2.84547
189	478	1.57309
189	496	3.69145
190	216	0.0157685
190	406	1.45922
190	439	1.70583
190	481	2.49973
190	489	5.56032
191	455	0.769508
191	481	0.671349
191	490	1.93658
191	502	3.65565
191	511	4.15155
192	157	2.63235e-05
192	244	2.27014
192	446	0.994558
192	453	2.33007
192	479	5.59323
193	238	0.418356
193	353	3.1277
193	427	1.82684
193	472	3.34494
193	488	2.465
194	293	6.35964e-05
194	391	1.64369
194	461	1.63666
194	468	3.94906
194	482	3.95648
195	222	1.12257
195	401	2.20704
195	441	2.26665
195	495	2.04265
195	509	3.54751
196	1	0.621992
196	230	0.000175532
196	333	0.00666838
196	481	5.63328
196	487	5.02396
197	301	0.000961537
197	487	2.22361
197	491	2.85976
197	502	3.37779
197	507	2.73207
198	36	2.56343
198	409	0.00564962
198	462	2.02847
198	481	3.02011
198	492	3.56166
199	54	0.00275852
199	322	1.79907
199	421	3.81519
199	439	2.42918
199	481	3.22308
200	130	1.62766
200	360	0.456558
200	459	3.96199
200	493	2.342
200	496	2.79167
201	11	3.49481
201	148	2.09536
201	397	1.86524
201	426	1.44486
201	464	2.27995
202	302	0.000550754
202	370	0.798436
202	457	2.26652
202	473	4.79844
202	479	3.3256
203	15	2.10307
203	140	3.4871
203	273	0.0115492
203	493	1.63829
203	511	3.94132
204	375	1.76899
204	440	0.00253031
204	471	0.773493
204	475	3.81629
204	511	4.81418
205	126	1.5402
205	418	2.65246
205	448	2.21386
205	474	1.39467
205	486	3.37632
206	304	2.23701
206	426	3.3531
206	435	0.00137144
206	484	1.97313
206	501	3.61639
207	54	2.59229
207	365	1.29912
207	394	2.26432
207	442	2.22416
207	459	2.85999
207	462	3.4575
208	124	0.519074
208	281	1.29435
208	448	1.56917
208	476	3.14366
208	498	3.68558
208	508	4.48715
209	300	0.0250967
209	333	0.000748147
209	406	3.17778
209	481	4.21829
209	486	2.50491
209	509	4.84872
210	131	1.13293
210	145	1.94399
210	183	0.444839
210	184	1.45239
210	475	5.77066
210	491	3.95273
211	1	0.67465
211	134	1.13517
211	283	2.743
211	322	2.06614
211	343	4.60589
211	350	3.46819
212	103	1.26165
212	445	2.83221
212	463	2.56185
212	490	3.52585
212	495	2.16408
212	497	2.35606
213	228	1.60845
213	311	1.65596
213	432	1.38708
213	482	2.14018
213	490	4.30489
213	496	3.60189
214	438	1.41729
214	445	2.67233
214	489	1.29548
214	491	3.0508
214	498	3.26192
214	503	3.00573
215	171	1.09787
215	285	0.341374
215	306	2.63814
215	376	3.62974
215	468	2.98
215	476	4.02731
216	41	2.29942
216	90	2.58032
216	190	0.0157685
216	435	0.993206
216	483	3.78046
216	502	5.03844
217	56	2.0122
217	357	0.0824813
217	363	0.696158
217	450	3.4361
217	484	3.8311
217	497	4.64146
218	110	1.27507
218	274	0.0181421
218	438	2.48806
218	500	2.8172
218	504	3.5867
218	511	4.51334
219	349	2.98693
219	360	1.46168
219	381	2.90042
219	495	2.0961
219	497	1.72495
219	510	3.52741
220	136	2.79597
220	362	2.05081
220	407	2.49773
220	497	1.7671
220	499	1.93828
220	509	3.64311
221	93	2.48099
221	264	1.08778
221	386	0.115203
221	429	3.78295
221	476	3.3458
221	498	3.88771
222	195	1.12257
222	281	0.158225
222	307	2.81085
222	442	3.2772
222	456	3.41172
222	459	3.91304
223	299	1.33269
223	394	0.952899
223	448	2.98698
223	460	1.30325
223	478	3.05815
223	502	5.07053
224	52	1.8138
224	319	1.36883
224	382	2.02769
224	414	4.16584
224	431	1.68437
224	491	3.63811
225	315	0.000260871
225	430	0.411868
225	447	3.33162
225	468	4.0205
225	491	3.3927
225	507	3.54754
226	432	1.04912
226	453	2.68102
226	484	3.61815
226	495	1.77642
226	504	2.36429
226	510	3.20773
227	239	3.0626e-06
227	357	0.743179
227	478	2.92019
227	484	3.68272
227	489	2.82035
227	503	4.5306
228	75	3.46202
228	213	1.60845
228	310	2.27764
228	364	0.743293
228	411	2.72321
228	471	3.8818
229	275	0.507453
229	320	1.99058
229	387	0.166151
229	399	4.83185
229	476	2.38243
229	502	4.80173
230	196	0.000175532
230	295	1.86807
230	327	4.0784
230	373	1.43309
230	439	3.3104
230	481	4.1043
231	327	1.47564
231	405	0.191661
231	415	3.15886
231	493	3.35356
231	496	3.80323
231	504	2.72235
232	156	1.32793
232	310	1.0256
232	465	1.47129
232	484	1.77693
232	487	4.99658
232	505	4.10453
233	236	1.52817
233	369	0.0809243
233	481	1.86066
233	483	5.74236
233	485	2.21604
233	506	3.27169
234	378	0.651005
234	474	1.21622
234	477	2.86028
234	492	1.94352
234	509	4.18877
234	512	3.83578
235	263	0.821771
235	427	1.35976
235	452	1.84568
235	463	3.1317
235	476	3.39548
235	488	4.14166
236	97	2.68488
236	188	0.707399
236	233	1.52817
236	290	2.56618
236	369	3.1332
236	381	4.07586
237	289	0.0861273
237	349	1.61478
237	380	1.93494
237	448	3.79888
237	474	2.18172
237	510	5.08072
238	193	0.418356
238	287	1.76516
238	411	1.30187
238	423	1.06009
238	472	5.16498
238	501	4.9876
239	120	1.59292
239	227	3.0626e-06
239	332	2.13873
239	345	0.88003
239	459	3.61928
239	491	6.47021
240	261	1.73954
240	326	0.51939
240	362	0.827551
240	452	2.30452
240	486	4.21652
240	502	5.10435
241	137	0.646624
241	184	1.40259
241	259	0.000214499
241	475	2.77001
241	486	3.9318
241	502	5.96143
242	57	0.299728
242	246	0.678831
242	322	1.64755
242	422	5.01703
242	431	1.90918
242	510	5.1409
243	441	1.96072
243	464	2.28933
243	466	3.63869e-05
243	489	3.10687
243	506	3.27341
243	512	4.09381
244	77	1.91608
244	82	0.113402
244	192	2.27014
244	387	3.16195
244	470	2.53491
244	508	4.70017
245	160	0.60418
245	163	0.00103105
245	441	3.63765
245	460	3.11191
245	487	1.96136
245	512	5.39982
246	242	0.678831
246	343	2.92185
246	417	0.781309
246	422	3.75157
246	489	2.8281
246	506	3.7375
247	386	0.801603
247	432	1.81461
247	467	0.000740944
247	490	4.73242
247	511	4.12775
247	512	3.22189
248	164	1.12568
248	447	3.3314
248	455	1.98575
248	468	4.02028
248	473	1.96253
248	475	2.27625
249	42	0.78289
249	357	0.616791
249	400	0.0391415
249	410	2.26274
249	466	4.2988
249	505	6.693
250	89	0.183284
250	289	0.270305
250	290	1.73924
250	430	5.61021
250	498	3.34399
250	510	3.5527
251	314	0.000136528
251	424	1.03143
251	453	2.95612
251	482	3.3609
251	496	3.26772
251	512	4.08108
252	57	3.69682
252	142	0.662167
252	276	2.99155
252	401	3.07503
252	431	1.12657
252	473	3.16139
253	33	1.83469
253	167	1.97663
253	380	2.50768
253	461	3.00629
253	505	2.1857
253	509	3.19013
254	399	1.51952
254	401	2.73538
254	458	1.80701
254	462	2.63997
254	473	2.82175
254	494	3.18549
255	12	1.19813
255	116	0.00236906
255	154	2.72262
255	324	2.02293
255	464	4.12799
255	480	4.62391
256	5	0.00410004
256	100	0.732478
256	409	1.54151
256	469	5.07353
256	486	3.78194
256	501	3.56249
257	101	1.23038
257	170	0.662173
257	341	0.886774
257	394	1.94765
257	473	5.80347
257	503	4.17185
258	188	0.00336574
258	323	0.996858
258	374	1.85064
258	395	1.86356
258	439	4.26698
258	480	4.56599
258	481	5.06089
259	241	0.000214499
259	319	1.49772
259	367	0.857418
259	414	2.53059
259	472	4.37439
259	473	4.05255
259	480	5.20854
260	271	1.11468
260	281	4.13363
260	290	0.418406
260	378	2.10799
260	385	1.89737
260	423	4.55689
260	430	4.28938
261	240	1.73954
261	341	1.00703
261	366	0.000974441
261	399	3.95974
261	443	2.5446
261	465	4.47828
261	484	4.78392
262	93	1.7821
262	144	0.218642
262	393	1.89715e-05
262	468	2.21136
262	479	3.60385
262	507	3.87996
262	508	6.83655
263	235	0.821771
263	308	2.89797
263	309	0.000190271
263	447	0.836655
263	463	3.73762
263	490	4.70162
263	512	5.52997
264	221	1.08778
264	340	0.558801
264	471	1.94517
264	484	3.73126
264	488	2.49317
264	503	4.39337
264	507	4.31076
265	174	1.56533
265	308	4.10351
265	364	0.00502101
265	373	3.59658
265	415	0.0048715
265	500	3.77697
265	511	5.47312
266	172	1.25421
266	379	0.780847
266	469	0.00168723
266	487	1.07302
266	506	3.69109
266	509	7.23591
266	512	4.51148
267	6	2.20009
267	347	2.47976
267	368	0.114226
267	426	2.2512
267	437	2.96772
267	444	3.81266
267	496	4.69442
268	18	2.03497
268	110	2.7157
268	465	4.51292
268	492	1.32935
268	497	1.69859
268	504	2.6576
268	509	3.5746
269	155	3.54516
269	393	0.000374311
269	434	1.62999
269	479	3.44696
269	489	2.09544
269	495	4.08725
269	507	3.72307
270	3	1.83143
270	20	1.3448
270	49	2.3281
270	305	3.73969
270	334	1.85929
270	475	3.64346
270	489	3.75643
271	260	1.11468
271	325	1.20276
271	435	2.63884
271	470	1.99619
271	483	5.42609
271	491	2.43679
271	510	3.71478
272	9	3.56293
272	161	0.557802
272	169	1.18875
272	186	8.70307e-05
272	385	4.50738
272	435	2.96207
272	483	5.74932
273	26	1.32824
273	203	0.0115492
273	428	2.26482
273	480	3.15457
273	485	3.84069
273	493	3.66802
273	496	4.25182
274	127	2.49146
274	172	2.28806
274	180	0.0202392
274	218	0.0181421
274	371	1.5703
274	452	4.48048
274	500	7.65153
275	23	1.31739
275	229	0.507453
275	328	1.64823
275	359	2.63068
275	382	4.9713
275	485	2.48296
275	502	4.9581
276	252	2.99155
276	333	1.26115
276	374	2.34395
276	388	1.1278
276	460	2.65813
276	465	3.91286
276	484	4.2185
277	413	0.000155969
277	444	0.547066
277	472	1.54385
277	487	3.88924
277	490	3.2807
277	500	3.78203
277	511	5.47817
278	348	2.78331
278	349	3.94695
278	388	0.835589
278	400	1.16068
278	421	1.51462
278	451	2.96296
278	464	5.31413
279	121	2.41797
279	181	0.000269293
279	452	3.17132
279	465	2.17992
279	480	3.67081
279	492	2.46757
279	505	4.61942
280	327	3.30543
280	338	2.19748
280	346	0.000564036
280	400	1.67101
280	407	2.08306
280	490	4.70827
280	498	4.54997
281	208	1.29435
281	222	0.158225
281	260	4.13363
281	354	3.83353
281	394	2.8488
281	442	2.80864
281	459	3.44447
282	119	0.143843
282	159	0.935519
282	283	3.29556
282	372	2.79088
282	433	2.23361
282	482	3.42672
282	508	5.68955
283	211	2.743
283	282	3.29556
283	292	1.72112
283	329	1.50194
283	411	0.185997
283	500	3.68913
283	511	5.38527
284	61	2.46488
284	349	3.02234
284	403	3.77351
284	470	1.33341
284	503	1.93907
284	506	2.41301
284	512	3.57631
285	69	1.77602
285	215	0.341374
285	456	3.65043
285	464	3.83396
285	469	1.80605
285	496	3.1501
285	505	3.96232
286	19	1.96167
286	168	0.0045902
286	317	0.867786
286	432	1.77036
286	476	3.98794
286	489	4.04332
286	490	4.68816
286	496	5.30266
287	132	1.11726
287	238	1.76516
287	300	1.96743
287	386	1.52404e-05
287	415	4.07814
287	455	2.64448
287	472	6.46384
287	500	4.60299
288	101	0.437417
288	186	2.70576
288	420	2.9605
288	436	2.57358
288	440	2.13538
288	441	3.51008
288	467	2.52171
288	499	5.781
289	237	0.0861273
289	250	0.270305
289	383	2.6553
289	393	4.24626
289	446	4.1418
289	462	2.03083
289	495	4.30441
289	504	4.89227
290	236	2.56618
290	250	1.73924
290	260	0.418406
290	390	1.84986
290	423	4.71485
290	430	4.44734
290	459	2.51744
290	499	4.38002
291	58	1.00493
291	84	2.15336
291	139	2.19735
291	362	2.27947
291	363	3.96062
291	417	4.15102
291	419	1.6829
291	504	5.19546
292	149	0.87354
292	283	1.72112
292	388	2.72287
292	407	0.000671285
292	466	0.00125685
292	493	6.01093
292	506	5.25973
292	512	6.08013
293	194	6.35964e-05
293	353	2.07735
293	391	2.46539
293	447	4.08188
293	456	0.123113
293	468	4.77076
293	501	4.296
293	512	4.82193
294	71	0.849505
294	302	2.39278
294	326	3.38874
294	352	2.98702
294	378	3.58356
294	384	2.34482
294	409	3.04512
294	417	4.0304
295	81	1.85994
295	230	1.86807
295	378	2.61987
295	416	1.88408
295	475	2.61084
295	481	4.9631
295	485	3.04626
295	486	3.77264
296	51	1.82179
296	331	0.114528
296	390	2.60694
296	394	2.97175
296	475	3.32218
296	478	3.39268
296	483	3.91474
296	486	4.48398
297	349	1.25709
297	365	1.57318
297	446	0.725466
297	477	2.79634
297	492	3.90531
297	493	3.6739
297	494	4.11801
297	504	4.57927
298	66	0.630446
298	380	1.4999
298	428	2.19713
298	448	3.33693
298	463	2.25576
298	499	4.10535
298	501	4.27994
298	504	4.3224
299	88	2.48305
299	223	1.33269
299	301	2.47574
299	390	0.790378
299	410	0.731186
299	434	2.50757
299	489	5.02095
299	510	7.28459
300	92	0.129884
300	209	0.0250967
300	287	1.96743
300	389	1.84547
300	427	3.84915
300	472	5.36725
300	477	5.13476
300	491	4.30796
301	197	0.000961537
301	299	2.47574
301	413	2.61596
301	450	1.64287
301	476	4.57858
301	489	2.64497
301	491	4.4003
301	507	4.27261
302	84	1.84402
302	165	3.66569
302	202	0.000550754
302	294	2.39278
302	401	3.79095
302	454	2.71397
302	473	3.87731
302	495	4.37437
303	49	1.12584
303	98	1.50447
303	356	9.86439e-05
303	423	2.77749
303	445	5.9083
303	479	3.5614
303	503	3.92013
303	507	3.83752
304	47	1.32653
304	139	1.34492
304	206	2.23701
304	306	2.55981
304	350	3.28333
304	417	4.12562
304	426	3.54911
304	456	4.20068
305	44	0.919557
305	125	1.57919
305	270	3.73969
305	337	2.28768
305	343	0.853095
305	376	5.09307
305	428	2.1085
305	505	6.06707
306	3	2.19321
306	125	2.75018
306	171	3.73219
306	215	2.63814
306	304	2.55981
306	317	0.584905
306	455	4.312
306	479	3.8558
307	45	1.49798
307	138	0.0508354
307	222	2.81085
307	312	2.22797
307	416	3.55565
307	426	3.92252
307	457	3.66409
307	482	4.89871
308	263	2.89797
308	265	4.10351
308	405	1.29362
308	440	3.01583
308	462	1.31743
308	474	2.12333
308	492	2.85062
308	510	5.02233
309	184	3.92096
309	263	0.000190271
309	354	0.928773
309	391	4.23382
309	437	1.05705
309	454	2.57162
309	470	3.7641
309	500	6.15914
310	228	2.27764
310	232	1.0256
310	462	0.481985
310	469	2.92702
310	497	2.38442
310	505	5.0833
310	509	4.26042
310	510	4.18688
311	110	0.754305
311	213	1.65596
311	359	1.01666
311	418	3.28779
311	473	2.76349
311	486	3.92237
311	498	5.61578
311	507	3.61541
312	307	2.22797
312	335	2.84262
312	349	2.43857
312	382	1.40139
312	424	1.98047
312	464	3.80575
312	499	3.11804
312	512	4.81411
313	326	1.67821
313	382	2.59425
313	415	0.420063
313	440	1.0959
313	443	2.50065
313	446	1.56514
313	501	5.48105
313	511	7.29687
314	251	0.000136528
314	321	0.344383
314	411	1.94216
314	440	0.940457
314	451	1.28973
314	498	4.62012
314	509	6.35644
314	511	7.14143
315	225	0.000260871
315	391	3.19418
315	406	0.616637
315	438	1.84541
315	447	4.81067
315	448	1.80598
315	468	5.49955
315	500	3.90542
315	511	5.32894
316	332	1.54714
316	430	1.80321
316	431	2.8303
316	476	3.30936
316	477	2.4934
316	481	4.01201
316	493	3.37096
316	494	3.81506
316	496	3.82062
317	70	0.00453711
317	286	0.867786
317	306	0.584905
317	425	2.26771
317	432	3.34185
317	433	3.02977
317	442	3.37395
317	490	6.25965
317	509	7.2735
318	48	2.32325
318	189	0.325421
318	357	0.058966
318	407	1.6527
318	465	3.50194
318	484	3.80758
318	501	5.07486
318	504	4.12177
318	505	6.13517
319	224	1.36883
319	259	1.49772
319	367	1.70587
319	401	2.58855
319	427	3.70475
319	464	2.97678
319	472	5.22284
319	491	4.06472
319	495	3.87626
320	173	0.00179249
320	229	1.99058
320	344	2.60629
320	351	1.92844
320	392	2.12578
320	401	2.90656
320	442	4.16472
320	459	4.80055
320	508	6.48592
321	105	3.47893
321	166	3.58311
321	177	2.49151
321	314	0.344383
321	358	1.07384
321	394	3.60328
321	449	2.23047
321	488	4.42468
321	508	5.77102
322	98	2.13631
322	158	2.58944
322	179	2.93139
322	199	1.79907
322	211	2.06614
322	242	1.64755
322	422	4.72029
322	492	4.29818
322	503	4.81393
323	31	0.684821
323	67	2.68338
323	97	1.31464
323	142	1.39641
323	258	0.996858
323	423	3.10749
323	459	4.00227
323	483	7.42439
323	484	5.39175
324	96	0.253087
324	255	2.02293
324	374	1.33873
324	397	3.81562
324	403	3.61432
324	456	4.04681
324	492	3.24452
324	493	4.00034
324	498	4.66447
325	3	2.93653
325	7	0.00330481
325	147	0.385827
325	271	1.20276
325	369	3.12405
325	460	2.92512
325	466	3.89759
325	478	3.73799
325	483	8.78548
326	99	1.91571
326	240	0.51939
326	294	3.38874
326	313	1.67821
326	328	3.64862
326	354	2.97872
326	398	5.21677
326	404	1.57472
326	489	6.07201
327	230	4.0784
327	231	1.47564
327	280	3.30543
327	357	4.63903
327	389	0.377495
327	448	3.12325
327	452	2.37371
327	485	3.55933
327	501	4.06626
328	275	1.64823
328	326	3.64862
328	345	0.531865
328	382	0.00105388
328	391	5.53441
328	467	4.32326
328	489	2.66095
328	503	4.37121
328	507	4.28859
329	153	0.138438
329	283	1.50194
329	345	0.673719
329	382	0.468977
329	471	3.23364
329	474	3.12931
329	499	5.49283
329	503	6.21883
329	507	6.13621
330	80	1.72254
330	359	2.63472
330	365	0.000151156
330	450	2.57445
330	457	3.15912
330	465	2.6638
330	484	2.96945
330	505	5.29704
330	506	5.98727
331	160	1.2188
331	296	0.114528
331	355	2.67836
331	380	2.27226
331	403	3.0327
331	416	3.38319
331	439	2.75982
331	482	6.48795
331	501	5.0523
332	239	2.13873
332	316	1.54714
332	361	1.13667
332	401	5.08163
332	402	3.27246
332	431	3.13317
332	439	1.43107
332	458	4.15326
332	462	5.10755
333	196	0.00666838
333	209	0.000748147
333	276	1.26115
333	406	4.10152
333	414	1.88129
333	439	4.34813
333	448	4.71482
333	481	5.14203
333	507	5.68444
334	94	1.30861
334	270	1.85929
334	337	2.51259
334	471	2.33785
334	492	1.9387
334	496	5.47977
334	504	3.26696
334	509	4.18395
334	510	4.11041
335	27	1.61026
335	312	2.84262
335	389	1.33426
335	420	1.83062
335	424	2.76541
335	445	4.76834
335	453	2.49273
335	457	4.27874
335	510	5.07473
336	34	2.30832
336	98	1.85565
336	177	0.947841
336	179	2.65074
336	343	3.60991
336	420	2.92354
336	422	4.43964
336	475	4.5063
336	479	3.75959
337	62	0.154742
337	305	2.28768
337	334	2.51259
337	350	3.73117
337	421	1.6895
337	429	4.81509
337	446	2.26371
337	477	4.33459
337	493	5.21215
338	22	1.46772
338	139	2.99509
338	280	2.19748
338	408	1.45869
338	425	1.2284
338	454	2.12008
338	482	3.21499
338	497	6.84103
338	508	5.47781
339	154	2.86498
339	364	2.53271
339	436	0.103258
339	458	2.72738
339	497	2.61602
339	498	5.37667
339	499	2.7872
339	504	3.57504
339	510	4.41849
340	264	0.558801
340	374	0.487903
340	384	2.6083e-05
340	457	1.02987
340	469	2.86391
340	486	3.68081
340	489	5.3708
340	503	7.08105
340	511	5.92719
341	34	1.68995
341	37	2.04969
341	257	0.886774
341	261	1.00703
341	370	1.19496
341	458	4.18023
341	473	5.19496
341	480	4.73019
341	512	6.0736
342	120	0.000362548
342	368	2.05184
342	411	1.77153
342	426	2.72661
342	428	2.02347
342	465	2.83817
342	484	3.14381
342	505	5.47141
342	509	6.98647
343	155	2.36235
343	211	4.60589
343	246	2.92185
343	305	0.853095
343	336	3.60991
343	370	1.79253
343	406	3.45193
343	436	3.03533
343	442	4.36211
344	55	2.84449
344	145	3.63611
344	171	0.941072
344	175	1.69796
344	320	2.60629
344	351	2.13292
344	353	4.70257
344	431	3.6911
344	442	4.36919
344	459	5.00503
345	239	0.88003
345	328	0.531865
345	329	0.673719
345	355	2.29244
345	461	1.6436
345	468	1.9142
345	479	7.54029
345	489	6.18876
345	494	4.45729
345	498	5.50547
346	64	1.30239
346	165	0.883845
346	280	0.000564036
346	404	0.577892
346	425	3.14539
346	463	3.85517
346	476	4.11894
346	493	5.75072
346	499	5.45181
346	502	6.53824
347	14	0.533654
347	127	1.79383
347	267	2.47976
347	391	3.31533
347	424	2.2884
347	429	2.36867
347	476	2.48133
347	490	4.25179
347	508	6.88069
347	510	5.23399
348	278	2.78331
348	386	1.76015
348	389	3.04754
348	437	4.31559
348	455	0.000352343
348	466	0.341673
348	469	1.62916
348	488	3.90505
348	506	6.51707
348	512	7.33746
349	57	1.61872
349	219	2.98693
349	237	1.61478
349	278	3.94695
349	284	3.02234
349	297	1.25709
349	312	2.43857
349	371	2.28098
349	456	4.78469
349	505	7.67115
350	211	3.46819
350	304	3.28333
350	337	3.73117
350	413	0.0210293
350	451	0.99307
350	452	1.80844
350	457	3.52024
350	471	2.80409
350	500	5.14863
350	511	6.84478
351	320	1.92844
351	344	2.13292
351	367	1.66774
351	376	0.801109
351	394	3.7315
351	422	0.374705
351	442	3.69134
351	459	4.32718
351	466	4.59486
351	509	8.37027
352	93	2.20984
352	162	0.00105884
352	294	2.98702
352	396	3.35168
352	400	2.59923
352	406	3.15293
352	420	1.021
352	472	3.716
352	503	6.33311
352	507	6.2505
353	169	1.28209
353	193	3.1277
353	293	2.07735
353	344	4.70257
353	355	2.14027
353	357	4.62017
353	392	1.50769
353	478	3.64237
353	485	4.00728
353	501	4.51421
354	281	3.83353
354	309	0.928773
354	326	2.97872
354	363	3.42997
354	398	3.14734
354	409	2.6351
354	417	3.62037
354	444	2.4853
354	463	3.1798
354	480	5.38204
355	93	1.51636
355	331	2.67836
355	345	2.29244
355	353	2.14027
355	381	3.00292
355	393	4.19005
355	402	3.24383
355	413	3.28782
355	425	4.52493
355	428	4.74555
356	92	0.588706
356	303	9.86439e-05
356	393	0.236696
356	425	2.15783
356	458	2.77801
356	479	4.96702
356	490	4.6538
356	491	5.37082
356	507	5.24313
356	510	5.636
357	217	0.0824813
357	227	0.743179
357	249	0.616791
357	318	0.058966
357	327	4.63903
357	353	4.62017
357	393	3.02737
357	450	4.89168
357	465	4.98103
357	492	5.21177
357	505	7.61427
358	321	1.07384
358	373	2.64027
358	375	1.15528
358	424	2.95147
358	434	0.940223
358	469	3.23084
358	470	5.37851
358	486	4.04773
358	488	6.19743
358	493	3.99109
358	500	4.87059
359	275	2.63068
359	311	1.01666
359	330	2.63472
359	370	2.49179
359	382	0.000169133
359	443	3.09531
359	456	3.25881
359	479	4.99492
359	485	5.73868
359	503	5.35365
359	507	5.27103
360	200	0.456558
360	219	1.46168
360	421	1.91552
360	438	2.05351
360	446	2.48974
360	483	3.2286
360	485	3.92809
360	490	4.64051
360	493	5.43817
360	496	5.88783
360	506	4.98373
361	2	0.999459
361	29	0.198274
361	332	1.13667
361	401	5.99398
361	431	4.04552
361	444	2.216
361	447	1.76284
361	472	3.21278
361	473	6.08034
361	487	5.55817
361	506	5.29285
362	220	2.05081
362	240	0.827551
362	291	2.27947
362	381	2.20734
362	389	2.34402
362	398	2.47299
362	428	3.94998
362	461	3.75135
362	478	5.16094
362	483	5.16004
362	497	6.2797
363	48	1.67731
363	58	2.99498
363	160	2.69999
363	217	0.696158
363	291	3.96062
363	354	3.42997
363	368	1.33584
363	409	5.15579
363	424	3.89575
363	480	5.38598
363	504	5.25038
364	128	0.0274131
364	150	1.35618
364	228	0.743293
364	265	0.00502101
364	339	2.53271
364	368	3.50294
364	413	1.58584
364	435	3.59992
364	500	7.09198
364	507	7.24902
364	511	8.78812
365	11	1.96418
365	207	1.29912
365	297	1.57318
365	330	0.000151156
365	366	0.95355
365	382	4.57565
365	400	1.54954
365	463	4.44271
365	465	5.57016
365	503	6.35113
365	505	8.2034
366	163	0.903225
366	261	0.000974441
366	365	0.95355
366	368	3.02106
366	423	2.57734
366	424	4.19713
366	450	3.71804
366	469	4.87336
366	484	4.11304
366	486	5.69026
366	505	6.44063
367	175	0.885379
367	259	0.857418
367	319	1.70587
367	351	1.66774
367	395	2.72839
367	401	3.49576
367	414	4.50288
367	427	4.82859
367	472	6.34668
367	483	3.8558
367	506	5.61093
368	114	1.60769
368	267	0.114226
368	342	2.05184
368	363	1.33584
368	364	3.50294
368	366	3.02106
368	400	3.61705
368	408	1.44335
368	441	3.86107
368	484	7.94332
368	511	7.9858
369	184	2.71557
369	186	0.00128633
369	233	0.0809243
369	236	3.1332
369	325	3.12405
369	394	3.15678
369	412	2.61762
369	435	4.56013
369	463	3.47256
369	483	7.34738
369	498	6.28519
370	170	0.970362
370	202	0.798436
370	341	1.19496
370	343	1.79253
370	359	2.49179
370	431	4.07683
370	432	2.26943
370	438	4.42999
370	458	5.09692
370	473	6.11165
370	502	7.26384
371	68	2.96548
371	133	0.00473513
371	274	1.5703
371	349	2.28098
371	414	1.63155
371	440	1.98897
371	451	2.33824
371	471	4.14926
371	503	5.44493
371	506	5.91887
371	511	8.18994
372	282	2.79088
372	380	1.8008
372	407	0.000117051
372	419	0.00045587
372	449	2.10664
372	455	1.17663
372	467	2.6277
372	469	3.00942
372	493	4.88466
372	506	7.89733
372	508	6.58272
372	512	8.71772
373	230	1.43309
373	265	3.59658
373	358	2.64027
373	377	0.0163343
373	383	1.52443
373	390	2.87622
373	412	2.66007
373	429	2.82544
373	449	3.7969
373	480	5.75904
373	505	7.10132
373	508	7.33746
374	10	2.93484
374	145	0.000190053
374	258	1.85064
374	276	2.34395
374	324	1.33873
374	340	0.487903
374	420	1.53886
374	462	6.08799
374	475	6.22904
374	489	5.14073
374	503	6.85098
374	507	6.76836
375	94	0.335213
375	140	3.5624
375	175	2.35166
375	179	2.80083
375	204	1.76899
375	358	1.15528
375	405	1.57691
375	438	2.28658
375	477	4.79368
375	493	5.67124
375	496	6.1209
375	511	9.14638
376	20	2.69818
376	23	3.00111
376	44	3.08214
376	70	3.28037
376	215	3.62974
376	305	5.09307
376	351	0.801109
376	391	3.46462
376	445	4.58498
376	453	2.80129
376	492	3.75462
376	510	5.38328
377	136	0.478795
377	373	0.0163343
377	392	3.25618
377	402	2.67816
377	441	2.16851
377	461	3.98126
377	465	2.94673
377	475	5.32035
377	480	5.06964
377	491	3.58506
377	508	5.68825
377	509	6.39065
378	234	0.651005
378	260	2.10799
378	294	3.58356
378	295	2.61987
378	419	0.000746312
378	455	0.120906
378	469	1.95369
378	487	4.22354
378	503	5.91868
378	506	6.8416
378	507	5.90844
378	512	7.662
379	17	1.67817
379	64	2.69285
379	100	0.000410871
379	129	2.18279
379	266	0.780847
379	386	2.27881
379	412	2.6211
379	478	4.08998
379	479	4.08933
379	490	6.20962
379	502	7.9287
379	512	7.02171
380	120	2.40743
380	182	2.3014
380	237	1.93494
380	253	2.50768
380	298	1.4999
380	331	2.27226
380	372	1.8008
380	397	4.34983
380	460	3.79552
380	475	5.47991
380	480	5.2292
380	512	7.99245
381	11	0.515024
381	109	1.40053
381	219	2.90042
381	236	4.07586
381	355	3.00292
381	362	2.20734
381	395	3.53993
381	416	3.70774
381	473	5.08638
381	483	4.66734
381	485	4.86992
381	486	5.59631
382	224	2.02769
382	275	4.9713
382	312	1.40139
382	313	2.59425
382	328	0.00105388
382	329	0.468977
382	359	0.000169133
382	365	4.57565
382	431	5.30471
382	449	4.88557
382	491	7.73935
382	507	7.61166
383	10	1.06527
383	76	1.10304
383	289	2.6553
383	373	1.52443
383	402	2.38333
383	449	2.88737
383	453	3.76032
383	488	5.08158
383	494	4.76394
383	499	4.84907
383	504	5.06613
383	508	6.42792
384	6	1.06703
384	294	2.34482
384	340	2.6083e-05
384	385	1.189
384	420	0.955899
384	462	3.99045
384	464	3.42693
384	482	4.0421
384	491	6.31309
384	503	6.26802
384	507	6.1854
384	510	5.79286
385	101	2.7666
385	260	1.89737
385	272	4.50738
385	384	1.189
385	399	0.98717
385	405	1.27048
385	446	2.41637
385	448	4.72821
385	477	4.48725
385	494	5.80891
385	496	5.81447
385	507	5.69783
386	221	0.115203
386	247	0.801603
386	287	1.52404e-05
386	348	1.76015
386	379	2.27881
386	429	3.04344
386	448	4.30421
386	476	5.44899
386	490	6.14921
386	498	5.99091
386	503	5.28406
386	510	6.39698
387	103	2.73723
387	229	0.166151
387	244	3.16195
387	389	2.06341
387	413	1.0886
387	418	4.67723
387	448	3.71111
387	463	6.19953
387	466	3.55608
387	467	2.67407
387	497	4.52942
387	498	7.00522
388	11	2.03297
388	46	0.000174064
388	164	3.41078
388	276	1.1278
388	278	0.835589
388	292	2.72287
388	397	4.14563
388	421	3.78205
388	437	4.79151
388	476	4.51127
388	484	5.94459
388	505	8.27218
389	300	1.84547
389	327	0.377495
389	335	1.33426
389	348	3.04754
389	362	2.34402
389	387	2.06341
389	416	3.84442
389	448	4.57052
389	465	5.76805
389	478	4.64169
389	485	5.0066
389	504	6.72967
390	102	2.60925
390	129	3.40833
390	290	1.84986
390	296	2.60694
390	299	0.790378
390	373	2.87622
390	434	1.14075
390	492	3.74607
390	496	7.43388
390	497	4.11531
390	504	5.07432
390	510	5.91777
391	50	1.30391
391	122	0.55742
391	135	1.64362
391	194	1.64369
391	293	2.46539
391	309	4.23382
391	315	3.19418
391	328	5.53441
391	347	3.31533
391	376	3.46462
391	434	5.58247
391	447	6.62306
391	468	7.31194
392	87	1.00647
392	115	1.97392
392	131	0.615702
392	320	2.12578
392	353	1.50769
392	377	3.25618
392	402	2.61125
392	416	4.52667
392	452	4.50323
392	453	5.30791
392	484	6.24505
392	486	6.41523
392	503	6.77699
393	137	2.07286
393	157	0.290976
393	262	1.89715e-05
393	269	0.000374311
393	289	4.24626
393	355	4.19005
393	356	0.236696
393	357	3.02737
393	408	2.49953
393	479	7.99634
393	489	6.64482
393	498	7.40308
393	507	8.27246
394	13	2.02008
394	207	2.26432
394	223	0.952899
394	257	1.94765
394	281	2.8488
394	296	2.97175
394	321	3.60328
394	351	3.7315
394	369	3.15678
394	416	4.99392
394	418	5.81025
394	442	5.96778
394	459	6.60361
395	258	1.86356
395	367	2.72839
395	381	3.53993
395	396	1.02005
395	425	1.93706
395	452	2.72437
395	453	3.51887
395	454	2.82874
395	470	4.02122
395	479	5.49526
395	480	7.08422
395	482	3.92365
395	508	6.18647
396	18	1.95794
396	44	0.458896
396	136	2.79523
396	352	3.35168
396	395	1.02005
396	412	2.39714
396	444	3.04716
396	449	3.53397
396	454	3.7168
396	470	4.90927
396	482	4.8117
396	499	7.16971
396	506	7.70248
